182.30995 451.13092 233.60611 510.5362 196 482 215 470 212 487 207.48697 499.6007 222.95955 491.2278

911.7806 204.52295 968.4823 280.20352 917.48224 235.89664 935.8701 236.02644 920.4192 252.70197 924.3875 260.3347 941.80927 259.7164
260.865 153.63524 313.35986 229.89577 295.33447 186.39075 308.6127 186.08677 311.59253 198.3914 289.61014 209.63405 298.73825 210.02367
721.0977 208.05219 774.44977 294.4954 731.68677 242.59897 734.9058 242.10294 725.1682 265.63632 742.4981 273.19266 746.6104 271.91205
620.10187 188.36789 666.078 257.009 628.43756 214.791 630.89746 218.04959 619.7116 227.47144 633.19244 238.74278 634.78577 240.67096
461.13068 230.54579 506.82794 307.0971 495.72287 259.2624 498.93887 259.29092 507.176 273.5861 492.10464 286.7681 495.46713 287.3463

583.7564 249.44759 619.2605 294.93216 589.90706 269.30313 606.6744 267.0317 597.30365 278.45596 592.8211 283.20807 608.34924 282.13654
474.2419 207.23546 498.6561 238.77919 480.82382 219.7871 492.05908 219.20572 486.55923 226.91142 482.58942 231.5934 491.50925 231.09798
447.81433 259.9041 472.20068 289.96338 452.1383 272.46948 462.15158 269.95932 457.39655 276.59076 456.02316 282.83432 464.2185 280.88443
553.45306 175.46977 593.5092 220.07579 562.2904 200.03997 574.8713 190.42744 570.63965 204.53593 574.67426 211.32365 583.3929 203.16267
